{
  "molecule_name": "Hexaazatriphenylene",
  "input_smiles": "C1=CN=C2C(=N1)C3=CN=CN=C3C4=NC=CN=C24",
  "energy": -71.31219503719447,
  "homo_energy": -1.9428214902352874,
  "lumo_energy": 1.134769789901072,
  "homo_lumo_gap": 3.0775912801363594,
  "molecular_orbitals": [
    [
      -0.12925334462420915,
      -0.2392067173369373,
      -0.19878638708154514,
      0.1211330413510194,
      -0.07693417847608186,
      0.3874091435766038,
      -0.2262562160987314,
      -0.1232360486609736,
      -0.3229428548687511,
      0.18194780578198674,
      0.3299434242796339,
      0.01903287827723913,
      0.17916148764297382,
      -0.25975957899194485,
      0.4068371421164457,
      -0.3320098151253752,
      -0.12534948189863046,
      -0.10883663730864539
    ],
    [
      -0.13030862201159096,
      -0.2668927215139138,
      -0.14898883212024888,
      -0.11017151784912982,
      0.2005781642820833,
      0.38690405877031403,
      0.031237423949839832,
      0.16926876000925015,
      -0.3425123610724755,
      0.2406747279811276,
      0.0316594146966372,
      0.29913611695336734,
      0.002000309098869772,
      0.35186918739670203,
      -0.35718056916606356,
      0.351969695265791,
      0.07218916685230818,
      0.1081057708814429
    ],
    [
      -0.21470954382574656,
      -0.3395664536583432,
      -0.12134296436704373,
      -0.2917525371031805,
      0.3707038795255648,
      0.16722574975281704,
      0.26403820374671105,
      0.2708638422935057,
      0.05676670456361769,
      -0.2911919699842437,
      -0.3462316831230648,
      -0.20741763214697376,
      -0.18135141305020083,
      -0.16049095073305886,
      0.048673553740815625,
      -0.30631566954336076,
      -0.006926031142361299,
      -0.15644755214312223
    ],
    [
      -0.3290843295339783,
      -0.2996946504228147,
      -0.051066908890508196,
      -0.1957810686135646,
      0.1570081976186935,
      -0.23079539603642005,
      0.15610041502352576,
      -0.06846670974606844,
      0.3582440382130806,
      0.037095597250953134,
      0.3195870502053262,
      -0.06480342310071457,
      0.28721774635600755,
      -0.0799433675230605,
      0.2707706386913314,
      0.35671635927276213,
      -0.056035267556592556,
      0.3540296291821117
    ],
    [
      -0.3219218461265827,
      -0.18100647412105372,
      -0.25977675963260943,
      0.19112654541100507,
      -0.22523816643976474,
      -0.23015305886978682,
      0.00992887971364859,
      0.020243793609685368,
      0.3483123798206044,
      0.12641463948228798,
      -0.12561623276660405,
      0.3324614904849213,
      0.1368390975177381,
      0.3302924858600224,
      -0.1198483741003253,
      -0.24674846621417032,
      -0.24198196733223867,
      -0.3607555583108465
    ],
    [
      -0.2108687542237736,
      -0.2518416580943119,
      -0.27813953896370985,
      0.2977668132369909,
      -0.31325708270922226,
      0.16845488397474107,
      -0.30489665960408835,
      -0.27674911231298693,
      0.09154423364969763,
      -0.3232622773172022,
      -0.20140999125816267,
      -0.31112231282368846,
      -0.19814514191879753,
      -0.041628607708103546,
      -0.16165692005883442,
      0.25015693383118914,
      0.1574944235053159,
      0.15897191494111937
    ],
    [
      -0.30979243836888115,
      0.1590127117570858,
      -0.2289707282409876,
      0.19400649946578155,
      -0.1736382143191948,
      -0.26758861212841967,
      0.16080532738142697,
      0.3628714519885643,
      -0.17910476113059393,
      0.22878607451195512,
      -0.05354953080601954,
      0.16655390649087898,
      -0.23888315947866454,
      -0.27290869292228515,
      0.04372834780818556,
      -0.15937501013818187,
      0.34193547334552904,
      0.3722679941853882
    ],
    [
      -0.17186053391139186,
      0.22542122478622162,
      -0.20768682089139334,
      -0.13997002306459772,
      -0.28581329937870714,
      -0.05303816918749898,
      0.33521464538650747,
      0.06183995837232251,
      -0.28488373601314515,
      0.1257418772234797,
      0.10312698872586033,
      -0.5242498956092788,
      -0.14728752801747003,
      0.2718499244056119,
      0.13059844854093952,
      0.1917244029371349,
      -0.29528057912811584,
      -0.19283351939128357
    ],
    [
      -0.14385095638250958,
      0.32982698510351166,
      -0.21728182861320408,
      -0.4107740925963744,
      -0.2449681071364513,
      0.19155731020000055,
      0.24464025647184087,
      -0.3089377160036449,
      -0.04228653668734824,
      -0.28586130795141873,
      0.0004923564329004772,
      0.16359909728694327,
      0.4001325883571385,
      -0.05177183844904846,
      -0.21027993349957988,
      -0.18833268763748334,
      0.19912064072657218,
      0.10093231208641361
    ],
    [
      -0.1359232481120404,
      0.3249152488857023,
      -0.15054142462848155,
      -0.2907970829547076,
      0.049513495004519695,
      0.2318608419901363,
      -0.16163985081893986,
      -0.17681121076653236,
      0.27316492746729815,
      0.14694348729818063,
      -0.10362647639541131,
      0.33942174584066703,
      -0.49084132459171537,
      -0.1841309623562246,
      0.24271052599347942,
      0.24399848888037537,
      -0.16913760090606278,
      -0.10531364741592238
    ],
    [
      -0.21493230988485046,
      0.37477158107542863,
      -0.10618354759409483,
      -0.0395750777570348,
      0.3174862931386758,
      0.14081995607419995,
      -0.4401453293891535,
      0.15473177195624105,
      0.25457081327216063,
      0.2191624958679429,
      0.05282179629969578,
      -0.3773542355813861,
      0.13723730524973507,
      0.27168633292775074,
      -0.09924765599191512,
      -0.25417828921064806,
      0.11079792337244733,
      0.15750019679029628
    ],
    [
      -0.3239463341206082,
      0.3004140288165874,
      -0.02452128632385613,
      0.2492958246642107,
      0.2567384078946872,
      -0.10040252853372635,
      -0.150647816919791,
      0.23439468046103426,
      -0.20261607537864834,
      -0.35600432698825607,
      0.05003961498318021,
      0.08689897552325641,
      0.2719761616872024,
      -0.2761973520589739,
      -0.06651663023423092,
      0.34406352309108496,
      -0.08928146472389034,
      -0.35993119315010663
    ],
    [
      -0.3303646162626665,
      0.11768188085472805,
      0.2824658737862277,
      0.23164593047563742,
      0.23217473306084271,
      -0.017160425176654337,
      0.09712990788478151,
      -0.31317584163413076,
      -0.23292479834667515,
      -0.28635538824376394,
      -0.025016841288321805,
      0.15607459994014564,
      -0.19611188080087477,
      0.3310951867975421,
      0.14034765311530442,
      -0.21043370319154167,
      -0.28913888432298834,
      0.35347841144619885
    ],
    [
      -0.21606450313494188,
      0.08411954888030213,
      0.3600568437010623,
      0.31202221853769896,
      -0.0011826921169142705,
      0.3437253260990997,
      0.3532894615126929,
      -0.1567101783977368,
      0.1482809517525964,
      0.3380439592275551,
      -0.34459438010280885,
      -0.10095584641043487,
      0.2126576588323183,
      -0.044919830274492964,
      0.16166962847421287,
      0.13144481023581508,
      0.2674998876217455,
      -0.15591926657032493
    ],
    [
      -0.13192740881817602,
      0.02267672528882315,
      0.3111527101040275,
      0.0955628943157485,
      -0.23331557510403195,
      0.33803505772825976,
      0.1535326224335272,
      0.25485610746125503,
      0.27401769033337253,
      -0.03610742040600515,
      0.3746022886524025,
      -0.04201845531706559,
      -0.14303317205870456,
      -0.25498583844996464,
      -0.42735898232132874,
      -0.09367448720712777,
      -0.33476334156041837,
      0.1070964690618363
    ],
    [
      -0.1321713380727223,
      -0.03494368477747812,
      0.3085108191871112,
      -0.1640266824945439,
      -0.34053469767885075,
      0.14085485323683158,
      -0.16759016525637657,
      0.3789829996568071,
      0.06466603124112838,
      -0.32165451528035816,
      0.1518675372543851,
      0.12741750020039064,
      -0.056065871220766186,
      0.3494589531052752,
      0.38333926680959857,
      0.038441442051986865,
      0.34590229837127573,
      -0.1068881650456351
    ],
    [
      -0.21695230851737607,
      -0.09845424042748901,
      0.35173837411852,
      -0.3495863515893728,
      -0.2654365033794586,
      -0.13611674043730748,
      -0.3562346622626396,
      0.0756740155249102,
      -0.22376386825997613,
      0.18210895109617375,
      -0.45273569005658454,
      -0.03822432732789876,
      0.20441372366148872,
      -0.16238605832275588,
      -0.061511777310247734,
      0.02395782563298506,
      -0.29904926459872117,
      0.15519979870369305
    ],
    [
      -0.33202023710620643,
      -0.12933322991434928,
      0.27139326872810554,
      -0.2025745800781926,
      0.08449078014391621,
      -0.26792261855870064,
      -0.08516201548375964,
      -0.35082089484440726,
      -0.12667739790860377,
      0.14793934526246863,
      0.30742552695315534,
      -0.08423308284523957,
      -0.2699318073818334,
      -0.07432218156910368,
      -0.2741376985604617,
      -0.09386980766081507,
      0.3515839828034114,
      -0.3515614564486046
    ]
  ],
  "orbital_energies": [
    -6.599004792241602,
    -5.421402724213183,
    -5.3717004639349915,
    -3.8716788849593757,
    -3.6615364152543006,
    -3.5838012083163595,
    -3.0237758808672024,
    -2.1803756585749277,
    -1.9428214902352874,
    1.134769789901072,
    1.2862097261988321,
    1.5744066262241398,
    2.736983759740787,
    2.9858434950941577,
    3.188238213243065,
    4.533952022394291,
    4.580864373722901,
    6.1348295120779825
  ],
  "calculation_method": "H\u00fcckel (Avan\u00e7ado)",
  "success": true,
  "error_message": "",
  "connectivity": {
    "0": [
      1,
      5
    ],
    "1": [
      0,
      2
    ],
    "2": [
      1,
      3
    ],
    "3": [
      2,
      4,
      17
    ],
    "4": [
      3,
      5,
      6
    ],
    "5": [
      4,
      0
    ],
    "6": [
      4,
      7,
      11
    ],
    "7": [
      6,
      8
    ],
    "8": [
      7,
      9
    ],
    "9": [
      8,
      10
    ],
    "10": [
      9,
      11
    ],
    "11": [
      10,
      12,
      6
    ],
    "12": [
      11,
      13,
      17
    ],
    "13": [
      12,
      14
    ],
    "14": [
      13,
      15
    ],
    "15": [
      14,
      16
    ],
    "16": [
      15,
      17
    ],
    "17": [
      16,
      3,
      12
    ]
  },
  "atom_populations": [
    0.9095826419595037,
    0.9188325102932922,
    1.1458817861799768,
    0.9487266904564903,
    0.9318858195797716,
    1.156711938361081,
    1.0053779357040198,
    0.8498605321990216,
    1.1984175623894993,
    0.8389809435591462,
    1.205189411877775,
    0.9052474011504389,
    0.9448069741150699,
    1.1405320528410885,
    0.9123616099182296,
    0.9049484899180705,
    1.148752613979162,
    0.9339030855183627
  ],
  "pi_charges": [
    0.09041735804049633,
    0.08116748970670784,
    -0.14588178617997682,
    0.051273309543509726,
    0.06811418042022843,
    -0.1567119383610811,
    -0.005377935704019787,
    0.15013946780097842,
    -0.19841756238949926,
    0.1610190564408538,
    -0.20518941187777506,
    0.09475259884956111,
    0.055193025884930136,
    -0.1405320528410885,
    0.08763839008177043,
    0.09505151008192947,
    -0.14875261397916195,
    0.06609691448163735
  ],
  "bond_orders": {
    "0-1": 0.6281999932743354,
    "0-5": 0.6834905517859136,
    "1-2": 0.6850733462190868,
    "2-3": 0.5967125898344399,
    "3-4": 0.5574637626569066,
    "3-17": 0.42853908497206705,
    "4-5": 0.5953537190908291,
    "4-6": 0.42952417161584827,
    "6-7": 0.6013477066106787,
    "6-11": 0.5630241721041072,
    "7-8": 0.6729985566955855,
    "8-9": 0.6293891610186644,
    "9-10": 0.6803473193490446,
    "10-11": 0.5866367477610357,
    "11-12": 0.4273638019935154,
    "12-13": 0.5958866032394852,
    "12-17": 0.5590375363842789,
    "13-14": 0.6873289224815585,
    "14-15": 0.6252097301907645,
    "15-16": 0.6862002404986672,
    "16-17": 0.5944399482549289
  },
  "pi_atoms": [
    0,
    1,
    2,
    3,
    4,
    5,
    6,
    7,
    8,
    9,
    10,
    11,
    12,
    13,
    14,
    15,
    16,
    17
  ],
  "num_pi_electrons": 18,
  "num_occupied_orbitals": 9,
  "homo_index": 8,
  "lumo_index": 9,
  "somo_index": null,
  "somo_energy": null,
  "huckel_matrix": [
    [
      0.0,
      -2.5,
      0.0,
      0.0,
      0.0,
      -2.5,
      0.0,
      0.0,
      0.0,
      0.0,
      0.0,
      0.0,
      0.0,
      0.0,
      0.0,
      0.0,
      0.0,
      0.0
    ],
    [
      -2.5,
      0.0,
      -2.5,
      0.0,
      0.0,
      0.0,
      0.0,
      0.0,
      0.0,
      0.0,
      0.0,
      0.0,
      0.0,
      0.0,
      0.0,
      0.0,
      0.0,
      0.0
    ],
    [
      0.0,
      -2.5,
      -1.25,
      -2.5,
      0.0,
      0.0,
      0.0,
      0.0,
      0.0,
      0.0,
      0.0,
      0.0,
      0.0,
      0.0,
      0.0,
      0.0,
      0.0,
      0.0
    ],
    [
      0.0,
      0.0,
      -2.5,
      0.0,
      -2.5,
      0.0,
      0.0,
      0.0,
      0.0,
      0.0,
      0.0,
      0.0,
      0.0,
      0.0,
      0.0,
      0.0,
      0.0,
      -2.5
    ],
    [
      0.0,
      0.0,
      0.0,
      -2.5,
      0.0,
      -2.5,
      -2.5,
      0.0,
      0.0,
      0.0,
      0.0,
      0.0,
      0.0,
      0.0,
      0.0,
      0.0,
      0.0,
      0.0
    ],
    [
      -2.5,
      0.0,
      0.0,
      0.0,
      -2.5,
      -1.25,
      0.0,
      0.0,
      0.0,
      0.0,
      0.0,
      0.0,
      0.0,
      0.0,
      0.0,
      0.0,
      0.0,
      0.0
    ],
    [
      0.0,
      0.0,
      0.0,
      0.0,
      -2.5,
      0.0,
      0.0,
      -2.5,
      0.0,
      0.0,
      0.0,
      -2.5,
      0.0,
      0.0,
      0.0,
      0.0,
      0.0,
      0.0
    ],
    [
      0.0,
      0.0,
      0.0,
      0.0,
      0.0,
      0.0,
      -2.5,
      0.0,
      -2.5,
      0.0,
      0.0,
      0.0,
      0.0,
      0.0,
      0.0,
      0.0,
      0.0,
      0.0
    ],
    [
      0.0,
      0.0,
      0.0,
      0.0,
      0.0,
      0.0,
      0.0,
      -2.5,
      -1.25,
      -2.5,
      0.0,
      0.0,
      0.0,
      0.0,
      0.0,
      0.0,
      0.0,
      0.0
    ],
    [
      0.0,
      0.0,
      0.0,
      0.0,
      0.0,
      0.0,
      0.0,
      0.0,
      -2.5,
      0.0,
      -2.5,
      0.0,
      0.0,
      0.0,
      0.0,
      0.0,
      0.0,
      0.0
    ],
    [
      0.0,
      0.0,
      0.0,
      0.0,
      0.0,
      0.0,
      0.0,
      0.0,
      0.0,
      -2.5,
      -1.25,
      -2.5,
      0.0,
      0.0,
      0.0,
      0.0,
      0.0,
      0.0
    ],
    [
      0.0,
      0.0,
      0.0,
      0.0,
      0.0,
      0.0,
      -2.5,
      0.0,
      0.0,
      0.0,
      -2.5,
      0.0,
      -2.5,
      0.0,
      0.0,
      0.0,
      0.0,
      0.0
    ],
    [
      0.0,
      0.0,
      0.0,
      0.0,
      0.0,
      0.0,
      0.0,
      0.0,
      0.0,
      0.0,
      0.0,
      -2.5,
      0.0,
      -2.5,
      0.0,
      0.0,
      0.0,
      -2.5
    ],
    [
      0.0,
      0.0,
      0.0,
      0.0,
      0.0,
      0.0,
      0.0,
      0.0,
      0.0,
      0.0,
      0.0,
      0.0,
      -2.5,
      -1.25,
      -2.5,
      0.0,
      0.0,
      0.0
    ],
    [
      0.0,
      0.0,
      0.0,
      0.0,
      0.0,
      0.0,
      0.0,
      0.0,
      0.0,
      0.0,
      0.0,
      0.0,
      0.0,
      -2.5,
      0.0,
      -2.5,
      0.0,
      0.0
    ],
    [
      0.0,
      0.0,
      0.0,
      0.0,
      0.0,
      0.0,
      0.0,
      0.0,
      0.0,
      0.0,
      0.0,
      0.0,
      0.0,
      0.0,
      -2.5,
      0.0,
      -2.5,
      0.0
    ],
    [
      0.0,
      0.0,
      0.0,
      0.0,
      0.0,
      0.0,
      0.0,
      0.0,
      0.0,
      0.0,
      0.0,
      0.0,
      0.0,
      0.0,
      0.0,
      -2.5,
      -1.25,
      -2.5
    ],
    [
      0.0,
      0.0,
      0.0,
      -2.5,
      0.0,
      0.0,
      0.0,
      0.0,
      0.0,
      0.0,
      0.0,
      0.0,
      -2.5,
      0.0,
      0.0,
      0.0,
      -2.5,
      0.0
    ]
  ],
  "planarity_status": "planar",
  "planarity_rms": 4.697813266765269e-06,
  "planarity_max_dev": 8.490166883014238e-06,
  "planarity_method": "3D-embutido",
  "export_timestamp": "2025-08-24T19:54:10.759489",
  "pipeline_version": "1.2.0 (Completo)"
}