{
  "molecule_name": "Triazatriphenylene",
  "input_smiles": "C1=CC=C2C(=C1)C3=CC=CC=C3C4=NN=NC=C24",
  "energy": -61.63344738384886,
  "homo_energy": -1.2499999999999996,
  "lumo_energy": -0.6791685736638806,
  "homo_lumo_gap": 0.5708314263361189,
  "molecular_orbitals": [
    [
      0.12461832598846036,
      -0.25514926483825295,
      -0.2512460500935948,
      -0.13353192575376935,
      0.2965860073804522,
      -0.42849786018832575,
      -0.12229796548238832,
      0.044282192455343185,
      0.0,
      0.25879913508244046,
      0.04761638161229769,
      -0.12851097196969752,
      -0.39485151717104283,
      -0.30566858867102087,
      0.22486010900096187,
      0.284914663890322,
      -0.25515669537919305,
      0.13408441163980125
    ],
    [
      0.1240197457958905,
      -0.2876551685585735,
      -0.185247185950573,
      -0.09314034558076582,
      0.45105051680585956,
      -0.07339445588852021,
      -0.10005113260759825,
      -0.370887713414284,
      1.834340881563204e-16,
      0.02894762420422336,
      0.20080800172974622,
      0.3258826501223531,
      -0.053791792419890995,
      0.21082740095158187,
      -0.4068126076728708,
      -0.20319190043036647,
      0.2888780489037538,
      -0.13245255540075088
    ],
    [
      0.18819802315300538,
      -0.31287828479688734,
      -0.09576063205002723,
      0.002098037353250873,
      0.29584976769229565,
      0.34828703564831526,
      0.03296913497742517,
      -0.3210337274304042,
      1.8659966582212833e-16,
      -0.2509350084257449,
      -0.16170771589063765,
      -0.1284485842147227,
      0.4451585715899357,
      0.04424035313637555,
      0.3096127526816361,
      0.07782554454218588,
      -0.31310037502293614,
      0.19709068508869734
    ],
    [
      0.35067416798823897,
      -0.3301800204901258,
      0.005867515284361822,
      0.09610096598246108,
      -0.06246436093782748,
      0.45402797878541024,
      0.12948702397171072,
      0.13133656725407752,
      -6.818037532892156e-17,
      -0.09711849290616188,
      -0.10893193648262785,
      -0.22460051319379867,
      -0.3625285322720624,
      -0.2656859127373834,
      4.150270198574543e-05,
      0.06425696164189622,
      0.32702718352053417,
      -0.36033919558547
    ],
    [
      0.35539359139792104,
      -0.1717445509640512,
      -0.28334746711752695,
      -0.0009377356975060426,
      -0.37736016386722493,
      -0.0030769701944002286,
      0.11413714624508225,
      0.2571254377517361,
      -1.865996658221284e-16,
      -0.24756305942306356,
      0.08184586620075514,
      0.30557043668218237,
      -0.0008056148063788702,
      0.09709268201390293,
      -0.3712050138719706,
      0.2603609450188723,
      -0.16392816352199083,
      0.3729893126086164
    ],
    [
      0.19030640865364476,
      -0.21618355063957892,
      -0.2853891575776389,
      -0.09529163969899893,
      -0.06149734124925566,
      -0.39489931730249056,
      -0.009140377222929407,
      0.40393050316123946,
      -1.8343408815632042e-16,
      0.04135967157153122,
      -0.2278617867625014,
      -0.22455132024098728,
      0.42306405251956675,
      0.16820492328118075,
      0.11139003799517237,
      -0.30544060089549924,
      0.21304515626846154,
      -0.2028027204241743
    ],
    [
      0.3554325312541595,
      0.20722265829249017,
      -0.25124736212488574,
      -0.002132600834858716,
      -0.37168491129076764,
      -0.06249139935446718,
      -0.01844137565870008,
      -0.34340344968803316,
      1.3636075065784314e-16,
      -0.011495998649460033,
      0.29029206992666284,
      0.20820852527323497,
      -0.059782094751122734,
      -0.022914976284751247,
      0.376259849129724,
      -0.2236153181054116,
      -0.21760637772330949,
      -0.36945444884051415
    ],
    [
      0.19033059005738864,
      0.24662601424827993,
      -0.23705986285262232,
      0.23746838642929097,
      -0.11709663719385617,
      0.06512284345414159,
      -0.45408662120665155,
      -0.22443568917218215,
      2.496234225887319e-16,
      0.14038700260927506,
      0.026277361257769267,
      -0.4670034283592196,
      -0.043970760901070695,
      0.3291283531585719,
      -0.061729034799495555,
      0.2360198308119394,
      0.2595189916198899,
      0.2005656074027297
    ],
    [
      0.12464037914900127,
      0.27978534942632927,
      -0.1928152888449332,
      0.33723328363760524,
      0.21788343134653015,
      0.13366240139556035,
      -0.38698158921095993,
      0.1759324895157644,
      4.27023706576719e-17,
      0.04963457477869623,
      -0.3052218495240311,
      0.16002523507802519,
      0.10090434336896721,
      -0.3852077072104089,
      -0.29515987027970536,
      -0.19772963925556686,
      -0.2928979768002403,
      -0.13202575462585264
    ],
    [
      0.1240511893180262,
      0.30586114339543313,
      -0.12412345718170402,
      0.23841434183619434,
      0.4032773081293272,
      0.08095319588894531,
      0.1085771612913367,
      0.3557141995257592,
      -1.7250131446514834e-16,
      -0.1269029052665318,
      0.1471378799832929,
      0.3408229969415943,
      -0.05039680085149374,
      0.14853333007534358,
      0.4495118555549258,
      0.11696909445986173,
      0.3166457493662604,
      0.12954234654786534
    ],
    [
      0.18825528032918118,
      0.3241932151935968,
      -0.03969387900990975,
      -0.0007977271385290475,
      0.31180425486375446,
      -0.04519083344410385,
      0.4839227290553598,
      0.08949676891107353,
      -1.739348132700103e-16,
      -0.08410996084416289,
      0.22162380111173208,
      -0.42876530454375017,
      -0.05377234629432282,
      0.20102478684798405,
      -0.29541152123402314,
      -0.011084755484898685,
      -0.3299814236006791,
      -0.1918728596260465
    ],
    [
      0.3507871448622158,
      0.334317437637988,
      0.04976852873321297,
      -0.23954004497854187,
      0.006264391787843656,
      -0.13034104090148405,
      0.3234844287640893,
      -0.2889328873506063,
      3.786377610331409e-17,
      0.10405296841154894,
      -0.2730559457917695,
      -0.002740124712975953,
      0.10068566890304051,
      -0.39780621911724706,
      -0.06139841425538699,
      -0.09718047834623232,
      0.3324664894280378,
      0.3502031189433133
    ],
    [
      0.341106406283802,
      0.12875482969784177,
      0.38416809336611485,
      -0.3350937510962324,
      0.06810867006608663,
      -0.03476398109517726,
      -0.1766641760700015,
      0.03830875939276633,
      4.978533932303553e-17,
      0.12387376195025243,
      -0.3567760513117658,
      0.22271737674286113,
      0.019391387597262652,
      0.3151741623887233,
      -0.00018272031394575658,
      0.4081876333612467,
      -0.10641285399129913,
      -0.31429605296853375
    ],
    [
      0.16867160063120515,
      0.0873102198591497,
      0.27975939147816775,
      -0.3677749383781537,
      0.08372736521998886,
      -0.05863646484346131,
      -0.449719667468964,
      0.15560847066148353,
      1.6107174548548667e-17,
      -0.5425146384517202,
      0.334009529303331,
      -0.17284967048880825,
      -0.013511109198149397,
      -0.1811334609836307,
      0.0001007386180062239,
      -0.17862149955410822,
      0.04313246257590778,
      0.1047538283627716
    ],
    [
      0.0,
      0.0,
      0.0,
      0.0,
      5.551115123125783e-17,
      5.551115123125783e-17,
      -1.6653345369377348e-16,
      -2.7755575615628914e-16,
      -0.9999999999999998,
      3.469446951953614e-18,
      4.163336342344337e-17,
      0.0,
      -4.163336342344337e-17,
      0.0,
      5.551115123125783e-17,
      -1.734723475976807e-18,
      -4.336808689942018e-19,
      0.0
    ],
    [
      0.08313246535998724,
      -0.0875393633594892,
      0.2481062080329128,
      0.4705349592373218,
      -0.007800729995253923,
      -0.4288551664940748,
      0.04851029954090301,
      -0.19834642308532716,
      9.154488848735367e-17,
      -0.44453914131951366,
      -0.3605911935889263,
      -0.0014759327735951332,
      -0.3077056568386401,
      0.16250445339862532,
      0.04449617442853299,
      -0.14706508957764303,
      -0.04315276727632403,
      0.05089146599541392
    ],
    [
      0.16811968581752867,
      -0.1290927435458458,
      0.340701659339072,
      0.4287223191663608,
      -0.006345563892109538,
      -0.25425668038429955,
      0.01905638716566397,
      -0.04883028132139152,
      -1.9615306593606252e-17,
      0.10150276484066365,
      0.3851695562542459,
      0.0019017442998543008,
      0.44162470823975214,
      -0.28275948963939496,
      -0.08070742999813041,
      0.33607461036107417,
      0.10646294807337874,
      -0.15269119174097343
    ],
    [
      0.34091764052236384,
      -0.16737778330423564,
      0.3900991811686404,
      0.1344514309329852,
      -0.0005338997693185261,
      0.15098488689955142,
      -0.031496151526858994,
      0.1619099092290059,
      -5.044376643495863e-17,
      0.47211413652742246,
      0.14175275977200447,
      -2.3598947664049762e-05,
      -0.1053097351141524,
      0.18812034263573976,
      0.06153773468973174,
      -0.4528986587462133,
      -0.16627236283700142,
      0.3308869001630078
    ]
  ],
  "orbital_energies": [
    -6.305777098920469,
    -4.936705574260149,
    -4.68302231371289,
    -3.52784519911797,
    -3.2836442537973194,
    -2.732182682226204,
    -2.2320794422015977,
    -1.8654671276878307,
    -1.2499999999999996,
    -0.6791685736638806,
    1.4204032371166173,
    1.9712583355384528,
    2.338045088096454,
    3.1000267796628282,
    3.284515103526374,
    4.4630249491270835,
    4.91779379359709,
    6.250824978923372
  ],
  "calculation_method": "H\u00fcckel (Avan\u00e7ado)",
  "success": true,
  "error_message": "",
  "connectivity": {
    "0": [
      1,
      5
    ],
    "1": [
      0,
      2
    ],
    "2": [
      1,
      3
    ],
    "3": [
      2,
      4,
      17
    ],
    "4": [
      3,
      5,
      6
    ],
    "5": [
      4,
      0
    ],
    "6": [
      4,
      7,
      11
    ],
    "7": [
      6,
      8
    ],
    "8": [
      7,
      9
    ],
    "9": [
      8,
      10
    ],
    "10": [
      9,
      11
    ],
    "11": [
      10,
      12,
      6
    ],
    "12": [
      11,
      13,
      17
    ],
    "13": [
      12,
      14
    ],
    "14": [
      13,
      15
    ],
    "15": [
      14,
      16
    ],
    "16": [
      15,
      17
    ],
    "17": [
      16,
      3,
      12
    ]
  },
  "atom_populations": [
    0.9001552165848911,
    0.9950385543739869,
    0.910932759361585,
    0.9706408532118984,
    0.9152768039483634,
    0.9929002325355034,
    0.9854483224258234,
    0.9683147657186986,
    0.9815298150619943,
    0.9773907330026187,
    0.9671450317384888,
    0.9996570566066937,
    0.8626589000702648,
    0.9730143758333132,
    1.9999999999999991,
    1.0464122863851288,
    0.8244877615804893,
    0.7289965315602562
  ],
  "pi_charges": [
    0.09984478341510894,
    0.0049614456260130835,
    0.08906724063841498,
    0.029359146788101587,
    0.08472319605163658,
    0.007099767464496587,
    0.014551677574176636,
    0.03168523428130143,
    0.018470184938005674,
    0.022609266997381305,
    0.03285496826151124,
    0.0003429433933063164,
    0.1373410999297352,
    0.026985624166686817,
    -0.9999999999999991,
    -0.04641228638512884,
    0.1755122384195107,
    0.27100346843974377
  ],
  "bond_orders": {
    "0-1": 0.6177338788573793,
    "0-5": 0.6665623083825204,
    "1-2": 0.7090700427405923,
    "2-3": 0.5413993794264097,
    "3-4": 0.5006101821777207,
    "3-17": 0.5515933933016204,
    "4-5": 0.6259099385152936,
    "4-6": 0.4239402795317928,
    "6-7": 0.6054196581052341,
    "6-11": 0.5620756184335227,
    "7-8": 0.6758898468804272,
    "8-9": 0.6492471405133216,
    "9-10": 0.6674232333848519,
    "10-11": 0.6223259018799183,
    "11-12": 0.3976592848786242,
    "12-13": 0.7852836202691006,
    "12-17": 0.41205985598440675,
    "13-14": 3.3977985791262616e-17,
    "14-15": -1.3762111255063213e-16,
    "15-16": 0.8624689400021087,
    "16-17": 0.44516030795030964
  },
  "pi_atoms": [
    0,
    1,
    2,
    3,
    4,
    5,
    6,
    7,
    8,
    9,
    10,
    11,
    12,
    13,
    14,
    15,
    16,
    17
  ],
  "num_pi_electrons": 18,
  "num_occupied_orbitals": 9,
  "homo_index": 8,
  "lumo_index": 9,
  "somo_index": null,
  "somo_energy": null,
  "huckel_matrix": [
    [
      0.0,
      -2.5,
      0.0,
      0.0,
      0.0,
      -2.5,
      0.0,
      0.0,
      0.0,
      0.0,
      0.0,
      0.0,
      0.0,
      0.0,
      0.0,
      0.0,
      0.0,
      0.0
    ],
    [
      -2.5,
      0.0,
      -2.5,
      0.0,
      0.0,
      0.0,
      0.0,
      0.0,
      0.0,
      0.0,
      0.0,
      0.0,
      0.0,
      0.0,
      0.0,
      0.0,
      0.0,
      0.0
    ],
    [
      0.0,
      -2.5,
      0.0,
      -2.5,
      0.0,
      0.0,
      0.0,
      0.0,
      0.0,
      0.0,
      0.0,
      0.0,
      0.0,
      0.0,
      0.0,
      0.0,
      0.0,
      0.0
    ],
    [
      0.0,
      0.0,
      -2.5,
      0.0,
      -2.5,
      0.0,
      0.0,
      0.0,
      0.0,
      0.0,
      0.0,
      0.0,
      0.0,
      0.0,
      0.0,
      0.0,
      0.0,
      -2.5
    ],
    [
      0.0,
      0.0,
      0.0,
      -2.5,
      0.0,
      -2.5,
      -2.5,
      0.0,
      0.0,
      0.0,
      0.0,
      0.0,
      0.0,
      0.0,
      0.0,
      0.0,
      0.0,
      0.0
    ],
    [
      -2.5,
      0.0,
      0.0,
      0.0,
      -2.5,
      0.0,
      0.0,
      0.0,
      0.0,
      0.0,
      0.0,
      0.0,
      0.0,
      0.0,
      0.0,
      0.0,
      0.0,
      0.0
    ],
    [
      0.0,
      0.0,
      0.0,
      0.0,
      -2.5,
      0.0,
      0.0,
      -2.5,
      0.0,
      0.0,
      0.0,
      -2.5,
      0.0,
      0.0,
      0.0,
      0.0,
      0.0,
      0.0
    ],
    [
      0.0,
      0.0,
      0.0,
      0.0,
      0.0,
      0.0,
      -2.5,
      0.0,
      -2.5,
      0.0,
      0.0,
      0.0,
      0.0,
      0.0,
      0.0,
      0.0,
      0.0,
      0.0
    ],
    [
      0.0,
      0.0,
      0.0,
      0.0,
      0.0,
      0.0,
      0.0,
      -2.5,
      0.0,
      -2.5,
      0.0,
      0.0,
      0.0,
      0.0,
      0.0,
      0.0,
      0.0,
      0.0
    ],
    [
      0.0,
      0.0,
      0.0,
      0.0,
      0.0,
      0.0,
      0.0,
      0.0,
      -2.5,
      0.0,
      -2.5,
      0.0,
      0.0,
      0.0,
      0.0,
      0.0,
      0.0,
      0.0
    ],
    [
      0.0,
      0.0,
      0.0,
      0.0,
      0.0,
      0.0,
      0.0,
      0.0,
      0.0,
      -2.5,
      0.0,
      -2.5,
      0.0,
      0.0,
      0.0,
      0.0,
      0.0,
      0.0
    ],
    [
      0.0,
      0.0,
      0.0,
      0.0,
      0.0,
      0.0,
      -2.5,
      0.0,
      0.0,
      0.0,
      -2.5,
      0.0,
      -2.5,
      0.0,
      0.0,
      0.0,
      0.0,
      0.0
    ],
    [
      0.0,
      0.0,
      0.0,
      0.0,
      0.0,
      0.0,
      0.0,
      0.0,
      0.0,
      0.0,
      0.0,
      -2.5,
      0.0,
      -2.5,
      0.0,
      0.0,
      0.0,
      -2.5
    ],
    [
      0.0,
      0.0,
      0.0,
      0.0,
      0.0,
      0.0,
      0.0,
      0.0,
      0.0,
      0.0,
      0.0,
      0.0,
      -2.5,
      -1.25,
      -0.0,
      0.0,
      0.0,
      0.0
    ],
    [
      0.0,
      0.0,
      0.0,
      0.0,
      0.0,
      0.0,
      0.0,
      0.0,
      0.0,
      0.0,
      0.0,
      0.0,
      0.0,
      -0.0,
      -1.25,
      -0.0,
      0.0,
      0.0
    ],
    [
      0.0,
      0.0,
      0.0,
      0.0,
      0.0,
      0.0,
      0.0,
      0.0,
      0.0,
      0.0,
      0.0,
      0.0,
      0.0,
      0.0,
      -0.0,
      -1.25,
      -2.5,
      0.0
    ],
    [
      0.0,
      0.0,
      0.0,
      0.0,
      0.0,
      0.0,
      0.0,
      0.0,
      0.0,
      0.0,
      0.0,
      0.0,
      0.0,
      0.0,
      0.0,
      -2.5,
      0.0,
      -2.5
    ],
    [
      0.0,
      0.0,
      0.0,
      -2.5,
      0.0,
      0.0,
      0.0,
      0.0,
      0.0,
      0.0,
      0.0,
      0.0,
      -2.5,
      0.0,
      0.0,
      0.0,
      -2.5,
      0.0
    ]
  ],
  "planarity_status": "planar",
  "planarity_rms": 1.0059140000693855e-05,
  "planarity_max_dev": 1.557887506480754e-05,
  "planarity_method": "3D-embutido",
  "export_timestamp": "2025-08-24T19:54:08.515309",
  "pipeline_version": "1.2.0 (Completo)"
}